Curve	1	2		3		4	
Analyte	CBS	CBS		CBS		CBS	
Ligand	Ch 1	Ch 1		Ch 1		Ch 1	
Conc	0.00E+00		5.00E-05		0.00E+00		0.00E+00
Time1	Data1	Time2	Data2	Time3	Data3	Time4	Data4
-2.6	0	-2.6	0.2839	-2.6	0	-2.6	0
-2.4	0	-2.4	0.3632	-2.4	0	-2.4	0
-2.2	0	-2.2	0.6978	-2.2	0	-2.2	0
-2	0	-2	0.2596	-2	0	-2	0
-1.8	0	-1.8	0.7759	-1.8	0	-1.8	0
-1.6	0	-1.6	0.9756	-1.6	0	-1.6	0
-1.4	0	-1.4	0.7105	-1.4	0	-1.4	0
-1.2	0	-1.2	0.9137	-1.2	0	-1.2	0
-1	0	-1	0.8229	-1	0	-1	0
-0.8	0	-0.8	0.6326	-0.8	0	-0.8	0
-0.6	0	-0.6	0.3519	-0.6	0	-0.6	0
-0.4	0	-0.4	0.5329	-0.4	0	-0.4	0
-0.2	0	-0.2	1.2163	-0.2	0	-0.2	0
0	0	0	1.2588	0	0	0	0
0.2	0	0.2	2.2139	0.2	0	0.2	0
0.4	0	0.4	2.2139	0.4	0	0.4	0
0.6	0	0.6	3.7057	0.6	0	0.6	0
0.8	0	0.8	5.7706	0.8	0	0.8	0
1	0	1	6.4515	1	0	1	0
1.2	0	1.2	7.3762	1.2	0	1.2	0
1.4	0	1.4	7.5682	1.4	0	1.4	0
1.6	0	1.6	8.2986	1.6	0	1.6	0
1.8	0	1.8	8.4166	1.8	0	1.8	0
2	0	2	8.9833	2	0	2	0
2.2	0	2.2	9.2088	2.2	0	2.2	0
2.4	0	2.4	9.5836	2.4	0	2.4	0
2.6	0	2.6	9.7321	2.6	0	2.6	0
2.8	0	2.8	10.1446	2.8	0	2.8	0
3	0	3	10.398	3	0	3	0
3.2	0	3.2	9.9186	3.2	0	3.2	0
3.4	0	3.4	10.4166	3.4	0	3.4	0
3.6	0	3.6	10.4892	3.6	0	3.6	0
3.8	0	3.8	10.4891	3.8	0	3.8	0
4	0	4	10.8205	4	0	4	0
4.2	0	4.2	10.3745	4.2	0	4.2	0
4.4	0	4.4	10.6079	4.4	0	4.4	0
4.6	0	4.6	10.5482	4.6	0	4.6	0
4.8	0	4.8	10.5162	4.8	0	4.8	0
5	0	5	10.5356	5	0	5	0
5.2	0	5.2	10.774	5.2	0	5.2	0
5.4	0	5.4	10.6761	5.4	0	5.4	0
5.6	0	5.6	10.9202	5.6	0	5.6	0
5.8	0	5.8	11.0338	5.8	0	5.8	0
6	0	6	11.0631	6	0	6	0
6.2	0	6.2	10.5411	6.2	0	6.2	0
6.4	0	6.4	10.8043	6.4	0	6.4	0
6.6	0	6.6	11.0283	6.6	0	6.6	0
6.8	0	6.8	10.9128	6.8	0	6.8	0
7	0	7	10.5242	7	0	7	0
7.2	0	7.2	11.0524	7.2	0	7.2	0
7.4	0	7.4	11.1003	7.4	0	7.4	0
7.6	0	7.6	10.9662	7.6	0	7.6	0
7.8	0	7.8	10.9967	7.8	0	7.8	0
8	0	8	11.1549	8	0	8	0
8.2	0	8.2	10.8884	8.2	0	8.2	0
8.4	0	8.4	11.1995	8.4	0	8.4	0
8.6	0	8.6	10.8203	8.6	0	8.6	0
8.8	0	8.8	11.1569	8.8	0	8.8	0
9	0	9	10.7523	9	0	9	0
9.2	0	9.2	10.6871	9.2	0	9.2	0
9.4	0	9.4	10.8411	9.4	0	9.4	0
9.6	0	9.6	11.3734	9.6	0	9.6	0
9.8	0	9.8	10.9039	9.8	0	9.8	0
10	0	10	11.2695	10	0	10	0
10.2	0	10.2	10.6562	10.2	0	10.2	0
10.4	0	10.4	11.206	10.4	0	10.4	0
10.6	0	10.6	10.9096	10.6	0	10.6	0
10.8	0	10.8	11.0645	10.8	0	10.8	0
11	0	11	10.9317	11	0	11	0
11.2	0	11.2	11.0625	11.2	0	11.2	0
11.4	0	11.4	10.8101	11.4	0	11.4	0
11.6	0	11.6	11.1308	11.6	0	11.6	0
11.8	0	11.8	11.1308	11.8	0	11.8	0
12	0	12	11.6112	12	0	12	0
12.2	0	12.2	11.1663	12.2	0	12.2	0
12.4	0	12.4	11.7962	12.4	0	12.4	0
12.6	0	12.6	11.8198	12.6	0	12.6	0
12.8	0	12.8	11.3779	12.8	0	12.8	0
13	0	13	11.297	13	0	13	0
13.2	0	13.2	11.4228	13.2	0	13.2	0
13.4	0	13.4	11.4916	13.4	0	13.4	0
13.6	0	13.6	11.1631	13.6	0	13.6	0
13.8	0	13.8	11.456	13.8	0	13.8	0
14	0	14	11.1649	14	0	14	0
14.2	0	14.2	11.1659	14.2	0	14.2	0
14.4	0	14.4	11.0585	14.4	0	14.4	0
14.6	0	14.6	11.2651	14.6	0	14.6	0
14.8	0	14.8	11.3693	14.8	0	14.8	0
15	0	15	11.5695	15	0	15	0
15.2	0	15.2	11.623	15.2	0	15.2	0
15.4	0	15.4	11.3225	15.4	0	15.4	0
15.6	0	15.6	11.2817	15.6	0	15.6	0
15.8	0	15.8	11.2152	15.8	0	15.8	0
16	0	16	11.0607	16	0	16	0
16.2	0	16.2	11.0123	16.2	0	16.2	0
16.4	0	16.4	11.5705	16.4	0	16.4	0
16.6	0	16.6	11.5198	16.6	0	16.6	0
16.8	0	16.8	11.4004	16.8	0	16.8	0
17	0	17	11.5804	17	0	17	0
17.2	0	17.2	11.5187	17.2	0	17.2	0
17.4	0	17.4	11.4715	17.4	0	17.4	0
17.6	0	17.6	11.5341	17.6	0	17.6	0
17.8	0	17.8	11.5413	17.8	0	17.8	0
18	0	18	11.2705	18	0	18	0
18.2	0	18.2	11.162	18.2	0	18.2	0
18.4	0	18.4	11.2433	18.4	0	18.4	0
18.6	0	18.6	11.2523	18.6	0	18.6	0
18.8	0	18.8	11.095	18.8	0	18.8	0
19	0	19	11.2976	19	0	19	0
19.2	0	19.2	11.6812	19.2	0	19.2	0
19.4	0	19.4	11.5686	19.4	0	19.4	0
19.6	0	19.6	11.47	19.6	0	19.6	0
19.8	0	19.8	11.2731	19.8	0	19.8	0
20	0	20	11.601	20	0	20	0
20.2	0	20.2	11.1936	20.2	0	20.2	0
20.4	0	20.4	11.4059	20.4	0	20.4	0
20.6	0	20.6	11.2581	20.6	0	20.6	0
20.8	0	20.8	11.3275	20.8	0	20.8	0
21	0	21	11.0713	21	0	21	0
21.2	0	21.2	11.8015	21.2	0	21.2	0
21.4	0	21.4	11.5945	21.4	0	21.4	0
21.6	0	21.6	11.3836	21.6	0	21.6	0
21.8	0	21.8	11.6807	21.8	0	21.8	0
22	0	22	11.7476	22	0	22	0
22.2	0	22.2	11.4071	22.2	0	22.2	0
22.4	0	22.4	11.7453	22.4	0	22.4	0
22.6	0	22.6	11.7064	22.6	0	22.6	0
22.8	0	22.8	11.4502	22.8	0	22.8	0
23	0	23	11.2192	23	0	23	0
23.2	0	23.2	11.4384	23.2	0	23.2	0
23.4	0	23.4	11.1721	23.4	0	23.4	0
23.6	0	23.6	11.1826	23.6	0	23.6	0
23.8	0	23.8	11.1772	23.8	0	23.8	0
24	0	24	11.4632	24	0	24	0
24.2	0	24.2	10.9908	24.2	0	24.2	0
24.4	0	24.4	11.3811	24.4	0	24.4	0
24.6	0	24.6	11.1722	24.6	0	24.6	0
24.8	0	24.8	11.4045	24.8	0	24.8	0
25	0	25	11.4951	25	0	25	0
25.2	0	25.2	11.3977	25.2	0	25.2	0
25.4	0	25.4	11.2572	25.4	0	25.4	0
25.6	0	25.6	11.2176	25.6	0	25.6	0
25.8	0	25.8	11.7055	25.8	0	25.8	0
26	0	26	11.5263	26	0	26	0
26.2	0	26.2	11.2621	26.2	0	26.2	0
26.4	0	26.4	11.3007	26.4	0	26.4	0
26.6	0	26.6	11.287	26.6	0	26.6	0
26.8	0	26.8	11.8602	26.8	0	26.8	0
27	0	27	11.8024	27	0	27	0
27.2	0	27.2	11.8296	27.2	0	27.2	0
27.4	0	27.4	11.4101	27.4	0	27.4	0
27.6	0	27.6	11.282	27.6	0	27.6	0
27.8	0	27.8	11.4674	27.8	0	27.8	0
28	0	28	11.1079	28	0	28	0
28.2	0	28.2	11.5435	28.2	0	28.2	0
28.4	0	28.4	11.1699	28.4	0	28.4	0
28.6	0	28.6	11.047	28.6	0	28.6	0
28.8	0	28.8	11.3993	28.8	0	28.8	0
29	0	29	11.1754	29	0	29	0
29.2	0	29.2	10.9583	29.2	0	29.2	0
29.4	0	29.4	11.0652	29.4	0	29.4	0
29.6	0	29.6	11.3725	29.6	0	29.6	0
29.8	0	29.8	11.0293	29.8	0	29.8	0
30	0	30	11.6422	30	0	30	0
30.2	0	30.2	11.5718	30.2	0	30.2	0
30.4	0	30.4	11.2091	30.4	0	30.4	0
30.6	0	30.6	11.2421	30.6	0	30.6	0
30.8	0	30.8	11.4228	30.8	0	30.8	0
31	0	31	11.4991	31	0	31	0
31.2	0	31.2	11.3788	31.2	0	31.2	0
31.4	0	31.4	11.6019	31.4	0	31.4	0
31.6	0	31.6	11.431	31.6	0	31.6	0
31.8	0	31.8	11.0741	31.8	0	31.8	0
32	0	32	11.7046	32	0	32	0
32.2	0	32.2	11.3721	32.2	0	32.2	0
32.4	0	32.4	11.22	32.4	0	32.4	0
32.6	0	32.6	11.3448	32.6	0	32.6	0
32.8	0	32.8	11.2655	32.8	0	32.8	0
33	0	33	11.3617	33	0	33	0
33.2	0	33.2	11.3164	33.2	0	33.2	0
33.4	0	33.4	11.3247	33.4	0	33.4	0
33.6	0	33.6	11.4272	33.6	0	33.6	0
33.8	0	33.8	11.2602	33.8	0	33.8	0
34	0	34	11.0801	34	0	34	0
34.2	0	34.2	11.5717	34.2	0	34.2	0
34.4	0	34.4	11.0145	34.4	0	34.4	0
34.6	0	34.6	11.6073	34.6	0	34.6	0
34.8	0	34.8	11.1163	34.8	0	34.8	0
35	0	35	11.5686	35	0	35	0
35.2	0	35.2	11.3556	35.2	0	35.2	0
35.4	0	35.4	11.0361	35.4	0	35.4	0
35.6	0	35.6	10.5306	35.6	0	35.6	0
35.8	0	35.8	10.9132	35.8	0	35.8	0
36	0	36	11.0509	36	0	36	0
36.2	0	36.2	11.2889	36.2	0	36.2	0
36.4	0	36.4	11.4241	36.4	0	36.4	0
36.6	0	36.6	11.0643	36.6	0	36.6	0
36.8	0	36.8	11.2418	36.8	0	36.8	0
37	0	37	11.4615	37	0	37	0
37.2	0	37.2	11.3003	37.2	0	37.2	0
37.4	0	37.4	11.0766	37.4	0	37.4	0
37.6	0	37.6	11.419	37.6	0	37.6	0
37.8	0	37.8	11.271	37.8	0	37.8	0
38	0	38	11.3764	38	0	38	0
38.2	0	38.2	11.3079	38.2	0	38.2	0
38.4	0	38.4	11.077	38.4	0	38.4	0
38.6	0	38.6	11.7096	38.6	0	38.6	0
38.8	0	38.8	11.7263	38.8	0	38.8	0
39	0	39	11.9015	39	0	39	0
39.2	0	39.2	11.3323	39.2	0	39.2	0
39.4	0	39.4	11.3578	39.4	0	39.4	0
39.6	0	39.6	11.557	39.6	0	39.6	0
39.8	0	39.8	11.7037	39.8	0	39.8	0
40	0	40	11.7322	40	0	40	0
40.2	0	40.2	11.8647	40.2	0	40.2	0
40.4	0	40.4	11.7413	40.4	0	40.4	0
40.6	0	40.6	11.8262	40.6	0	40.6	0
40.8	0	40.8	11.5471	40.8	0	40.8	0
41	0	41	11.8011	41	0	41	0
41.2	0	41.2	11.9233	41.2	0	41.2	0
41.4	0	41.4	11.3991	41.4	0	41.4	0
41.6	0	41.6	11.9005	41.6	0	41.6	0
41.8	0	41.8	11.7745	41.8	0	41.8	0
42	0	42	11.6685	42	0	42	0
42.2	0	42.2	11.9262	42.2	0	42.2	0
42.4	0	42.4	11.6022	42.4	0	42.4	0
42.6	0	42.6	12.1316	42.6	0	42.6	0
42.8	0	42.8	11.9685	42.8	0	42.8	0
43	0	43	11.5938	43	0	43	0
43.2	0	43.2	11.4574	43.2	0	43.2	0
43.4	0	43.4	11.8029	43.4	0	43.4	0
43.6	0	43.6	11.823	43.6	0	43.6	0
43.8	0	43.8	11.6273	43.8	0	43.8	0
44	0	44	11.8482	44	0	44	0
44.2	0	44.2	11.776	44.2	0	44.2	0
44.4	0	44.4	11.8826	44.4	0	44.4	0
44.6	0	44.6	11.9137	44.6	0	44.6	0
44.8	0	44.8	12.1735	44.8	0	44.8	0
45	0	45	11.7108	45	0	45	0
45.2	0	45.2	12.0489	45.2	0	45.2	0
45.4	0	45.4	11.803	45.4	0	45.4	0
45.6	0	45.6	11.8306	45.6	0	45.6	0
45.8	0	45.8	11.9176	45.8	0	45.8	0
46	0	46	12.0972	46	0	46	0
46.2	0	46.2	12.0639	46.2	0	46.2	0
46.4	0	46.4	12.2567	46.4	0	46.4	0
46.6	0	46.6	12.2189	46.6	0	46.6	0
46.8	0	46.8	12.1244	46.8	0	46.8	0
47	0	47	11.9974	47	0	47	0
47.2	0	47.2	12.1519	47.2	0	47.2	0
47.4	0	47.4	12.2646	47.4	0	47.4	0
47.6	0	47.6	11.9503	47.6	0	47.6	0
47.8	0	47.8	12.1	47.8	0	47.8	0
48	0	48	11.8744	48	0	48	0
48.2	0	48.2	11.6807	48.2	0	48.2	0
48.4	0	48.4	11.8938	48.4	0	48.4	0
48.6	0	48.6	11.7644	48.6	0	48.6	0
48.8	0	48.8	11.7469	48.8	0	48.8	0
49	0	49	11.6518	49	0	49	0
49.2	0	49.2	11.6358	49.2	0	49.2	0
49.4	0	49.4	11.665	49.4	0	49.4	0
49.6	0	49.6	11.8741	49.6	0	49.6	0
49.8	0	49.8	11.6068	49.8	0	49.8	0
50	0	50	11.9642	50	0	50	0
50.2	0	50.2	11.5268	50.2	0	50.2	0
50.4	0	50.4	11.986	50.4	0	50.4	0
50.6	0	50.6	11.7864	50.6	0	50.6	0
50.8	0	50.8	11.6293	50.8	0	50.8	0
51	0	51	11.5607	51	0	51	0
51.2	0	51.2	11.8042	51.2	0	51.2	0
51.4	0	51.4	11.9283	51.4	0	51.4	0
51.6	0	51.6	12.1292	51.6	0	51.6	0
51.8	0	51.8	12.0281	51.8	0	51.8	0
52	0	52	11.6703	52	0	52	0
52.2	0	52.2	11.7379	52.2	0	52.2	0
52.4	0	52.4	11.6014	52.4	0	52.4	0
52.6	0	52.6	11.6585	52.6	0	52.6	0
52.8	0	52.8	11.8186	52.8	0	52.8	0
53	0	53	11.5796	53	0	53	0
53.2	0	53.2	11.8371	53.2	0	53.2	0
53.4	0	53.4	11.8768	53.4	0	53.4	0
53.6	0	53.6	11.7987	53.6	0	53.6	0
53.8	0	53.8	11.5531	53.8	0	53.8	0
54	0	54	11.5599	54	0	54	0
54.2	0	54.2	11.5089	54.2	0	54.2	0
54.4	0	54.4	11.4158	54.4	0	54.4	0
54.6	0	54.6	11.4622	54.6	0	54.6	0
54.8	0	54.8	11.9277	54.8	0	54.8	0
55	0	55	11.8165	55	0	55	0
55.2	0	55.2	11.9225	55.2	0	55.2	0
55.4	0	55.4	11.7959	55.4	0	55.4	0
55.6	0	55.6	11.503	55.6	0	55.6	0
55.8	0	55.8	11.6171	55.8	0	55.8	0
56	0	56	12.1139	56	0	56	0
56.2	0	56.2	12.0641	56.2	0	56.2	0
56.4	0	56.4	12.2522	56.4	0	56.4	0
56.6	0	56.6	11.6696	56.6	0	56.6	0
56.8	0	56.8	11.9708	56.8	0	56.8	0
57	0	57	11.6831	57	0	57	0
57.2	0	57.2	11.9743	57.2	0	57.2	0
57.4	0	57.4	12.1645	57.4	0	57.4	0
57.6	0	57.6	12.2647	57.6	0	57.6	0
57.8	0	57.8	11.7924	57.8	0	57.8	0
58	0	58	11.4361	58	0	58	0
58.2	0	58.2	11.8717	58.2	0	58.2	0
58.4	0	58.4	11.8181	58.4	0	58.4	0
58.6	0	58.6	12.2569	58.6	0	58.6	0
58.8	0	58.8	11.7695	58.8	0	58.8	0
59	0	59	11.9757	59	0	59	0
59.2	0	59.2	12.0377	59.2	0	59.2	0
59.4	0	59.4	12.1483	59.4	0	59.4	0
59.6	0	59.6	12.0394	59.6	0	59.6	0
59.8	0	59.8	11.6373	59.8	0	59.8	0
60	0	60	11.4969	60	0	60	0
60.2	0	60.2	11.8315	60.2	0	60.2	0
60.4	0	60.4	12.2054	60.4	0	60.4	0
60.6	0	60.6	11.1595	60.6	0	60.6	0
60.8	0	60.8	10.932	60.8	0	60.8	0
61	0	61	10.932	61	0	61	0
61.2	0	61.2	10.9143	61.2	0	61.2	0
61.4	0	61.4	11.0223	61.4	0	61.4	0
61.6	0	61.6	11.4511	61.6	0	61.6	0
61.8	0	61.8	11.6012	61.8	0	61.8	0
62	0	62	11.6158	62	0	62	0
62.2	0	62.2	11.5065	62.2	0	62.2	0
62.4	0	62.4	11.3941	62.4	0	62.4	0
62.6	0	62.6	10.9746	62.6	0	62.6	0
62.8	0	62.8	11.2729	62.8	0	62.8	0
63	0	63	10.6467	63	0	63	0
63.2	0	63.2	10.8945	63.2	0	63.2	0
63.4	0	63.4	10.8689	63.4	0	63.4	0
63.6	0	63.6	10.4689	63.6	0	63.6	0
63.8	0	63.8	10.6432	63.8	0	63.8	0
64	0	64	10.6656	64	0	64	0
64.2	0	64.2	10.366	64.2	0	64.2	0
64.4	0	64.4	10.398	64.4	0	64.4	0
64.6	0	64.6	10.4412	64.6	0	64.6	0
64.8	0	64.8	9.7991	64.8	0	64.8	0
65	0	65	10.0193	65	0	65	0
65.2	0	65.2	10.1151	65.2	0	65.2	0
65.4	0	65.4	9.7022	65.4	0	65.4	0
65.6	0	65.6	9.8851	65.6	0	65.6	0
65.8	0	65.8	9.5665	65.8	0	65.8	0
66	0	66	9.8197	66	0	66	0
66.2	0	66.2	9.7158	66.2	0	66.2	0
66.4	0	66.4	9.8612	66.4	0	66.4	0
66.6	0	66.6	9.4646	66.6	0	66.6	0
66.8	0	66.8	9.3768	66.8	0	66.8	0
67	0	67	9.3545	67	0	67	0
67.2	0	67.2	9.4801	67.2	0	67.2	0
67.4	0	67.4	9.2107	67.4	0	67.4	0
67.6	0	67.6	9.1956	67.6	0	67.6	0
67.8	0	67.8	8.8884	67.8	0	67.8	0
68	0	68	8.8912	68	0	68	0
68.2	0	68.2	8.6117	68.2	0	68.2	0
68.4	0	68.4	9.0555	68.4	0	68.4	0
68.6	0	68.6	9.0852	68.6	0	68.6	0
68.8	0	68.8	8.9014	68.8	0	68.8	0
69	0	69	8.8105	69	0	69	0
69.2	0	69.2	9.1023	69.2	0	69.2	0
69.4	0	69.4	8.6246	69.4	0	69.4	0
69.6	0	69.6	8.6982	69.6	0	69.6	0
69.8	0	69.8	8.7156	69.8	0	69.8	0
70	0	70	8.3426	70	0	70	0
70.2	0	70.2	8.0976	70.2	0	70.2	0
70.4	0	70.4	8.0961	70.4	0	70.4	0
70.6	0	70.6	7.5078	70.6	0	70.6	0
70.8	0	70.8	7.9929	70.8	0	70.8	0
71	0	71	7.8592	71	0	71	0
71.2	0	71.2	7.8023	71.2	0	71.2	0
71.4	0	71.4	7.6312	71.4	0	71.4	0
71.6	0	71.6	7.8802	71.6	0	71.6	0
71.8	0	71.8	7.5397	71.8	0	71.8	0
72	0	72	7.7863	72	0	72	0
72.2	0	72.2	7.2163	72.2	0	72.2	0
72.4	0	72.4	7.2236	72.4	0	72.4	0
72.6	0	72.6	7.22	72.6	0	72.6	0
72.8	0	72.8	7.2356	72.8	0	72.8	0
73	0	73	7.2296	73	0	73	0
73.2	0	73.2	7.0411	73.2	0	73.2	0
73.4	0	73.4	6.8425	73.4	0	73.4	0
73.6	0	73.6	7.1493	73.6	0	73.6	0
73.8	0	73.8	7.1378	73.8	0	73.8	0
74	0	74	7.1087	74	0	74	0
74.2	0	74.2	6.9798	74.2	0	74.2	0
74.4	0	74.4	7.2693	74.4	0	74.4	0
74.6	0	74.6	6.496	74.6	0	74.6	0
74.8	0	74.8	7.0143	74.8	0	74.8	0
75	0	75	6.7045	75	0	75	0
75.2	0	75.2	6.5855	75.2	0	75.2	0
75.4	0	75.4	6.2998	75.4	0	75.4	0
75.6	0	75.6	6.4335	75.6	0	75.6	0
75.8	0	75.8	6.0669	75.8	0	75.8	0
76	0	76	6.459	76	0	76	0
76.2	0	76.2	6.5648	76.2	0	76.2	0
76.4	0	76.4	6.5882	76.4	0	76.4	0
76.6	0	76.6	6.3271	76.6	0	76.6	0
76.8	0	76.8	6.173	76.8	0	76.8	0
77	0	77	6.4382	77	0	77	0
77.2	0	77.2	6.4813	77.2	0	77.2	0
77.4	0	77.4	6.4202	77.4	0	77.4	0
77.6	0	77.6	6.2928	77.6	0	77.6	0
77.8	0	77.8	6.0159	77.8	0	77.8	0
78	0	78	6.267	78	0	78	0
78.2	0	78.2	6.0142	78.2	0	78.2	0
78.4	0	78.4	5.9748	78.4	0	78.4	0
78.6	0	78.6	5.5474	78.6	0	78.6	0
78.8	0	78.8	6.0034	78.8	0	78.8	0
79	0	79	5.4896	79	0	79	0
79.2	0	79.2	5.5249	79.2	0	79.2	0
79.4	0	79.4	5.843	79.4	0	79.4	0
79.6	0	79.6	5.696	79.6	0	79.6	0
79.8	0	79.8	5.5522	79.8	0	79.8	0
80	0	80	5.8732	80	0	80	0
80.2	0	80.2	5.3089	80.2	0	80.2	0
80.4	0	80.4	5.39	80.4	0	80.4	0
80.6	0	80.6	5.3613	80.6	0	80.6	0
80.8	0	80.8	5.2651	80.8	0	80.8	0
81	0	81	5.3798	81	0	81	0
81.2	0	81.2	5.6739	81.2	0	81.2	0
81.4	0	81.4	5.4327	81.4	0	81.4	0
81.6	0	81.6	5.1486	81.6	0	81.6	0
81.8	0	81.8	5.1596	81.8	0	81.8	0
82	0	82	5.543	82	0	82	0
82.2	0	82.2	4.9367	82.2	0	82.2	0
82.4	0	82.4	4.957	82.4	0	82.4	0
82.6	0	82.6	4.8997	82.6	0	82.6	0
82.8	0	82.8	5.1639	82.8	0	82.8	0
83	0	83	4.9712	83	0	83	0
83.2	0	83.2	5.0776	83.2	0	83.2	0
83.4	0	83.4	4.5582	83.4	0	83.4	0
83.6	0	83.6	4.9687	83.6	0	83.6	0
83.8	0	83.8	4.7501	83.8	0	83.8	0
84	0	84	5.162	84	0	84	0
84.2	0	84.2	4.4566	84.2	0	84.2	0
84.4	0	84.4	4.8525	84.4	0	84.4	0
84.6	0	84.6	4.7002	84.6	0	84.6	0
84.8	0	84.8	4.5929	84.8	0	84.8	0
85	0	85	4.1372	85	0	85	0
85.2	0	85.2	4.5957	85.2	0	85.2	0
85.4	0	85.4	4.3193	85.4	0	85.4	0
85.6	0	85.6	4.4437	85.6	0	85.6	0
85.8	0	85.8	4.4656	85.8	0	85.8	0
86	0	86	4.46	86	0	86	0
86.2	0	86.2	4.297	86.2	0	86.2	0
86.4	0	86.4	4.8016	86.4	0	86.4	0
86.6	0	86.6	4.9554	86.6	0	86.6	0
86.8	0	86.8	4.8473	86.8	0	86.8	0
87	0	87	5.0801	87	0	87	0
87.2	0	87.2	5.0024	87.2	0	87.2	0
87.4	0	87.4	4.5874	87.4	0	87.4	0
87.6	0	87.6	4.5186	87.6	0	87.6	0
87.8	0	87.8	4.7351	87.8	0	87.8	0
88	0	88	4.6127	88	0	88	0
88.2	0	88.2	4.3875	88.2	0	88.2	0
88.4	0	88.4	4.2524	88.4	0	88.4	0
88.6	0	88.6	4.3713	88.6	0	88.6	0
88.8	0	88.8	4.4243	88.8	0	88.8	0
89	0	89	4.5315	89	0	89	0
89.2	0	89.2	4.4903	89.2	0	89.2	0
89.4	0	89.4	4.8272	89.4	0	89.4	0
89.6	0	89.6	4.6663	89.6	0	89.6	0
89.8	0	89.8	4.4371	89.8	0	89.8	0
90	0	90	4.4277	90	0	90	0
90.2	0	90.2	4.3897	90.2	0	90.2	0
90.4	0	90.4	4.404	90.4	0	90.4	0
90.6	0	90.6	4.2586	90.6	0	90.6	0
90.8	0	90.8	3.7855	90.8	0	90.8	0
91	0	91	4.3753	91	0	91	0
91.2	0	91.2	4.5406	91.2	0	91.2	0
91.4	0	91.4	4.3393	91.4	0	91.4	0
91.6	0	91.6	4.1027	91.6	0	91.6	0
91.8	0	91.8	4.2889	91.8	0	91.8	0
92	0	92	4.0647	92	0	92	0
92.2	0	92.2	4.279	92.2	0	92.2	0
92.4	0	92.4	4.2618	92.4	0	92.4	0
92.6	0	92.6	4.0959	92.6	0	92.6	0
92.8	0	92.8	4.149	92.8	0	92.8	0
93	0	93	3.766	93	0	93	0
93.2	0	93.2	3.9962	93.2	0	93.2	0
93.4	0	93.4	3.7368	93.4	0	93.4	0
93.6	0	93.6	3.9989	93.6	0	93.6	0
93.8	0	93.8	4.0156	93.8	0	93.8	0
94	0	94	3.8617	94	0	94	0
94.2	0	94.2	3.777	94.2	0	94.2	0
94.4	0	94.4	4.1298	94.4	0	94.4	0
94.6	0	94.6	3.8569	94.6	0	94.6	0
94.8	0	94.8	3.8488	94.8	0	94.8	0
95	0	95	3.5847	95	0	95	0
95.2	0	95.2	3.2805	95.2	0	95.2	0
95.4	0	95.4	3.1874	95.4	0	95.4	0
95.6	0	95.6	3.507	95.6	0	95.6	0
95.8	0	95.8	3.2344	95.8	0	95.8	0
96	0	96	3.477	96	0	96	0
96.2	0	96.2	3.6874	96.2	0	96.2	0
96.4	0	96.4	3.7733	96.4	0	96.4	0
96.6	0	96.6	3.4372	96.6	0	96.6	0
96.8	0	96.8	3.7765	96.8	0	96.8	0
97	0	97	3.5389	97	0	97	0
97.2	0	97.2	3.6863	97.2	0	97.2	0
97.4	0	97.4	3.4619	97.4	0	97.4	0
97.6	0	97.6	3.7117	97.6	0	97.6	0
97.8	0	97.8	3.4048	97.8	0	97.8	0
98	0	98	3.4063	98	0	98	0
98.2	0	98.2	3.3291	98.2	0	98.2	0
98.4	0	98.4	3.646	98.4	0	98.4	0
98.6	0	98.6	3.0542	98.6	0	98.6	0
98.8	0	98.8	3.5067	98.8	0	98.8	0
99	0	99	2.9391	99	0	99	0
99.2	0	99.2	3.3053	99.2	0	99.2	0
99.4	0	99.4	3.3648	99.4	0	99.4	0
99.6	0	99.6	3.2558	99.6	0	99.6	0
99.8	0	99.8	3.1386	99.8	0	99.8	0
100	0	100	3.2662	100	0	100	0
100.2	0	100.2	3.1483	100.2	0	100.2	0
100.4	0	100.4	3.323	100.4	0	100.4	0
100.6	0	100.6	2.8435	100.6	0	100.6	0
100.8	0	100.8	2.8435	100.8	0	100.8	0
101	0	101	2.2763	101	0	101	0
101.2	0	101.2	2.7015	101.2	0	101.2	0
101.4	0	101.4	2.4133	101.4	0	101.4	0
101.6	0	101.6	2.7705	101.6	0	101.6	0
101.8	0	101.8	2.4427	101.8	0	101.8	0
102	0	102	2.8451	102	0	102	0
102.2	0	102.2	2.8774	102.2	0	102.2	0
102.4	0	102.4	2.8774	102.4	0	102.4	0
102.6	0	102.6	2.8562	102.6	0	102.6	0
102.8	0	102.8	2.9763	102.8	0	102.8	0
103	0	103	2.6252	103	0	103	0
103.2	0	103.2	2.4565	103.2	0	103.2	0
103.4	0	103.4	2.6342	103.4	0	103.4	0
103.6	0	103.6	2.4137	103.6	0	103.6	0
103.8	0	103.8	2.1236	103.8	0	103.8	0
104	0	104	2.4521	104	0	104	0
104.2	0	104.2	2.2754	104.2	0	104.2	0
104.4	0	104.4	2.7607	104.4	0	104.4	0
104.6	0	104.6	2.5253	104.6	0	104.6	0
104.8	0	104.8	2.3848	104.8	0	104.8	0
105	0	105	2.571	105	0	105	0
105.2	0	105.2	2.3882	105.2	0	105.2	0
105.4	0	105.4	2.6142	105.4	0	105.4	0
105.6	0	105.6	2.6967	105.6	0	105.6	0
105.8	0	105.8	2.6364	105.8	0	105.8	0
106	0	106	2.4871	106	0	106	0
106.2	0	106.2	2.2935	106.2	0	106.2	0
106.4	0	106.4	2.6296	106.4	0	106.4	0
106.6	0	106.6	2.6172	106.6	0	106.6	0
106.8	0	106.8	2.7689	106.8	0	106.8	0
107	0	107	2.6908	107	0	107	0
107.2	0	107.2	2.6908	107.2	0	107.2	0
107.4	0	107.4	2.535	107.4	0	107.4	0
107.6	0	107.6	2.4593	107.6	0	107.6	0
107.8	0	107.8	2.6376	107.8	0	107.8	0
108	0	108	2.2026	108	0	108	0
108.2	0	108.2	2.1189	108.2	0	108.2	0
108.4	0	108.4	2.5879	108.4	0	108.4	0
108.6	0	108.6	2.3117	108.6	0	108.6	0
108.8	0	108.8	2.4321	108.8	0	108.8	0
109	0	109	2.5108	109	0	109	0
109.2	0	109.2	2.301	109.2	0	109.2	0
109.4	0	109.4	2.4868	109.4	0	109.4	0
109.6	0	109.6	2.429	109.6	0	109.6	0
109.8	0	109.8	2.2342	109.8	0	109.8	0
110	0	110	2.3034	110	0	110	0
110.2	0	110.2	2.1449	110.2	0	110.2	0
110.4	0	110.4	2.0415	110.4	0	110.4	0
110.6	0	110.6	2.1124	110.6	0	110.6	0
110.8	0	110.8	2.4937	110.8	0	110.8	0
111	0	111	2.3616	111	0	111	0
111.2	0	111.2	2.3661	111.2	0	111.2	0
111.4	0	111.4	2.0605	111.4	0	111.4	0
111.6	0	111.6	2.1857	111.6	0	111.6	0
111.8	0	111.8	2.3389	111.8	0	111.8	0
112	0	112	2.3389	112	0	112	0
112.2	0	112.2	2.4078	112.2	0	112.2	0
112.4	0	112.4	2.0635	112.4	0	112.4	0
112.6	0	112.6	2.4101	112.6	0	112.6	0
112.8	0	112.8	2.7457	112.8	0	112.8	0
113	0	113	2.4032	113	0	113	0
113.2	0	113.2	3.054	113.2	0	113.2	0
113.4	0	113.4	2.8654	113.4	0	113.4	0
113.6	0	113.6	2.5245	113.6	0	113.6	0
113.8	0	113.8	2.2969	113.8	0	113.8	0
114	0	114	2.4154	114	0	114	0
114.2	0	114.2	2.1758	114.2	0	114.2	0
114.4	0	114.4	2.3126	114.4	0	114.4	0
114.6	0	114.6	1.9322	114.6	0	114.6	0
114.8	0	114.8	2.2049	114.8	0	114.8	0
115	0	115	2.2727	115	0	115	0
115.2	0	115.2	2.3637	115.2	0	115.2	0
115.4	0	115.4	2.1816	115.4	0	115.4	0
115.6	0	115.6	1.9003	115.6	0	115.6	0
115.8	0	115.8	2.2513	115.8	0	115.8	0
116	0	116	2.2066	116	0	116	0
116.2	0	116.2	1.9417	116.2	0	116.2	0
116.4	0	116.4	1.8604	116.4	0	116.4	0
116.6	0	116.6	1.7333	116.6	0	116.6	0
116.8	0	116.8	1.909	116.8	0	116.8	0
117	0	117	1.6754	117	0	117	0
117.2	0	117.2	2.253	117.2	0	117.2	0
117.4	0	117.4	1.626	117.4	0	117.4	0
117.6	0	117.6	2.101	117.6	0	117.6	0
117.8	0	117.8	2.088	117.8	0	117.8	0
118	0	118	2.3914	118	0	118	0
118.2	0	118.2	2.0296	118.2	0	118.2	0
118.4	0	118.4	2.2801	118.4	0	118.4	0
118.6	0	118.6	1.8191	118.6	0	118.6	0
118.8	0	118.8	2.2113	118.8	0	118.8	0
119	0	119	1.5682	119	0	119	0
119.2	0	119.2	1.9113	119.2	0	119.2	0
119.4	0	119.4	1.4736	119.4	0	119.4	0
119.6	0	119.6	1.8095	119.6	0	119.6	0
119.8	0	119.8	2.0442	119.8	0	119.8	0
120	0	120	2.2263	120	0	120	0
120.2	0	120.2	2.2263	120.2	0	120.2	0
120.4	0	120.4	1.9574	120.4	0	120.4	0
120.6	0	120.6	1.9942	120.6	0	120.6	0
120.8	0	120.8	2.0009	120.8	0	120.8	0
121	0	121	2.0744	121	0	121	0
121.2	0	121.2	2.2171	121.2	0	121.2	0
121.4	0	121.4	1.7715	121.4	0	121.4	0
121.6	0	121.6	1.7504	121.6	0	121.6	0
121.8	0	121.8	1.449	121.8	0	121.8	0
122	0	122	1.228	122	0	122	0
122.2	0	122.2	1.3471	122.2	0	122.2	0
122.4	0	122.4	1.6412	122.4	0	122.4	0
122.6	0	122.6	1.7953	122.6	0	122.6	0
122.8	0	122.8	1.698	122.8	0	122.8	0
123	0	123	1.4041	123	0	123	0
123.2	0	123.2	1.2325	123.2	0	123.2	0
123.4	0	123.4	1.5478	123.4	0	123.4	0
123.6	0	123.6	1.4506	123.6	0	123.6	0
123.8	0	123.8	1.3604	123.8	0	123.8	0
124	0	124	1.4113	124	0	124	0
124.2	0	124.2	1.2092	124.2	0	124.2	0
124.4	0	124.4	1.2858	124.4	0	124.4	0
124.6	0	124.6	1.0286	124.6	0	124.6	0
124.8	0	124.8	1.4802	124.8	0	124.8	0
125	0	125	1.4758	125	0	125	0
125.2	0	125.2	1.3536	125.2	0	125.2	0
125.4	0	125.4	1.5438	125.4	0	125.4	0
125.6	0	125.6	1.4538	125.6	0	125.6	0
125.8	0	125.8	1.2848	125.8	0	125.8	0
126	0	126	1.5234	126	0	126	0
126.2	0	126.2	1.5385	126.2	0	126.2	0
126.4	0	126.4	1.896	126.4	0	126.4	0
